(kicad_pcb (version 20171130) (host pcbnew "(5.1.9)-1")

  (general
    (thickness 1.6)
    (drawings 8)
    (tracks 0)
    (zones 0)
    (modules 72)
    (nets 218)
  )

  (page A4)
  (layers
    (0 F.Cu signal)
    (31 B.Cu signal)
    (32 B.Adhes user)
    (33 F.Adhes user)
    (34 B.Paste user)
    (35 F.Paste user)
    (36 B.SilkS user)
    (37 F.SilkS user)
    (38 B.Mask user)
    (39 F.Mask user)
    (40 Dwgs.User user)
    (41 Cmts.User user)
    (42 Eco1.User user)
    (43 Eco2.User user)
    (44 Edge.Cuts user)
    (45 Margin user)
    (46 B.CrtYd user)
    (47 F.CrtYd user)
    (48 B.Fab user)
    (49 F.Fab user)
  )

  (setup
    (last_trace_width 0.25)
    (trace_clearance 0.2)
    (zone_clearance 0.508)
    (zone_45_only no)
    (trace_min 0.2)
    (via_size 0.8)
    (via_drill 0.4)
    (via_min_size 0.4)
    (via_min_drill 0.3)
    (uvia_size 0.3)
    (uvia_drill 0.1)
    (uvias_allowed no)
    (uvia_min_size 0.2)
    (uvia_min_drill 0.1)
    (edge_width 0.05)
    (segment_width 0.2)
    (pcb_text_width 0.3)
    (pcb_text_size 1.5 1.5)
    (mod_edge_width 0.12)
    (mod_text_size 1 1)
    (mod_text_width 0.15)
    (pad_size 1.524 1.524)
    (pad_drill 0.762)
    (pad_to_mask_clearance 0)
    (aux_axis_origin 0 0)
    (grid_origin 88.9 114.3)
    (visible_elements FFFFFF7F)
    (pcbplotparams
      (layerselection 0x010fc_ffffffff)
      (usegerberextensions false)
      (usegerberattributes true)
      (usegerberadvancedattributes true)
      (creategerberjobfile true)
      (excludeedgelayer true)
      (linewidth 0.100000)
      (plotframeref false)
      (viasonmask false)
      (mode 1)
      (useauxorigin false)
      (hpglpennumber 1)
      (hpglpenspeed 20)
      (hpglpendiameter 15.000000)
      (psnegative false)
      (psa4output false)
      (plotreference true)
      (plotvalue true)
      (plotinvisibletext false)
      (padsonsilk false)
      (subtractmaskfromsilk false)
      (outputformat 1)
      (mirror false)
      (drillshape 1)
      (scaleselection 1)
      (outputdirectory ""))
  )

  (net 0 "")
  (net 1 OBC_3V3)
  (net 2 GND)
  (net 3 "Net-(C4-Pad2)")
  (net 4 "Net-(C8-Pad2)")
  (net 5 OBC_1V2_P)
  (net 6 "Net-(C9-Pad2)")
  (net 7 OBC_1V2_R)
  (net 8 "Net-(C14-Pad2)")
  (net 9 "Net-(C15-Pad2)")
  (net 10 OBC_RTC_Vbackup)
  (net 11 OBC_1V2)
  (net 12 OBC_5V)
  (net 13 /TMS570_uC/OBC_I2C_SDA)
  (net 14 /TMS570_uC/OBC_I2C_SCL)
  (net 15 /Connectors/ADS_nRST)
  (net 16 /CAN_XCVR_PL/CAN_H_PL)
  (net 17 /CAN_XCVR_PL/CAN_L_PL)
  (net 18 /CAN_XCVR_R/CAN_H_PL)
  (net 19 /CAN_XCVR_R/CAN_L_PL)
  (net 20 /Connectors/CAN_H_PA)
  (net 21 /Connectors/CAN_L_PA)
  (net 22 /Connectors/GPS_STS)
  (net 23 /Connectors/GPS_P1PPS)
  (net 24 /TMS570_uC/GPS_STS)
  (net 25 /Connectors/GPS_RXD0)
  (net 26 /TMS570_uC/GPD_TXD0)
  (net 27 PAYLOAD_3V3)
  (net 28 PAYLOAD_5V)
  (net 29 "Net-(R7-Pad2)")
  (net 30 /CAN_XCVR_PL/CAN_PL_Rs)
  (net 31 "Net-(R9-Pad2)")
  (net 32 /CAN_XCVR_R/CAN_PL_Rs)
  (net 33 /TMS570_uC/CAN_PA_Rs)
  (net 34 "Net-(R11-Pad2)")
  (net 35 /FRAM_1/FRAM_1_CIPO)
  (net 36 "Net-(R13-Pad2)")
  (net 37 "Net-(R14-Pad2)")
  (net 38 /FL_1/FL_1_SO_IO1)
  (net 39 /Supervisor_RTC_FRAM/SPVSR_CIPO)
  (net 40 "Net-(R15-Pad2)")
  (net 41 /Supervisor_RTC_FRAM/SPVSR_ACS)
  (net 42 /TMS570_uC/JTAG_nTRST)
  (net 43 /TMS570_uC/uC_nRST)
  (net 44 /Power/GATE_2)
  (net 45 /Power/OBC_1V2_R_PG)
  (net 46 /Power/OBC_1V2_P_PG)
  (net 47 /Power/GATE_1)
  (net 48 /CAN_XCVR_PL/CAN_PL_D)
  (net 49 /CAN_XCVR_PL/CAN_PL_R)
  (net 50 "Net-(U4-Pad5)")
  (net 51 "Net-(U5-Pad5)")
  (net 52 /CAN_XCVR_R/CAN_PL_R)
  (net 53 /CAN_XCVR_R/CAN_PL_D)
  (net 54 /TMS570_uC/CAN_PA_D)
  (net 55 /TMS570_uC/CAN_PA_R)
  (net 56 "Net-(U6-Pad5)")
  (net 57 "Net-(U11-PadW17)")
  (net 58 "Net-(U11-PadW14)")
  (net 59 "Net-(U11-PadW10)")
  (net 60 "Net-(U11-PadW9)")
  (net 61 "Net-(U11-PadW8)")
  (net 62 /Supervisor_RTC_FRAM/SPVSR_nRST)
  (net 63 "Net-(U11-PadW6)")
  (net 64 "Net-(U11-PadW5)")
  (net 65 "Net-(U11-PadW3)")
  (net 66 "Net-(U11-PadV18)")
  (net 67 "Net-(U11-PadV17)")
  (net 68 "Net-(U11-PadV16)")
  (net 69 "Net-(U11-PadV15)")
  (net 70 "Net-(U11-PadV14)")
  (net 71 "Net-(U11-PadV13)")
  (net 72 "Net-(U11-PadV10)")
  (net 73 "Net-(U11-PadV9)")
  (net 74 "Net-(U11-PadV8)")
  (net 75 "Net-(U11-PadV7)")
  (net 76 "Net-(U11-PadV6)")
  (net 77 "Net-(U11-PadV5)")
  (net 78 "Net-(U11-PadV2)")
  (net 79 "Net-(U11-PadU19)")
  (net 80 "Net-(U11-PadU18)")
  (net 81 "Net-(U11-PadU17)")
  (net 82 "Net-(U11-PadU16)")
  (net 83 "Net-(U11-PadU15)")
  (net 84 "Net-(U11-PadU14)")
  (net 85 "Net-(U11-PadU13)")
  (net 86 /TMS570_uC/JTAG_TEST)
  (net 87 "Net-(U11-PadU1)")
  (net 88 "Net-(U11-PadT19)")
  (net 89 "Net-(U11-PadT18)")
  (net 90 "Net-(U11-PadT17)")
  (net 91 "Net-(U11-PadT16)")
  (net 92 "Net-(U11-PadT15)")
  (net 93 "Net-(U11-PadT12)")
  (net 94 "Net-(U11-PadT1)")
  (net 95 "Net-(U11-PadR19)")
  (net 96 "Net-(U11-PadR18)")
  (net 97 "Net-(U11-PadR17)")
  (net 98 "Net-(U11-PadR16)")
  (net 99 "Net-(U11-PadR9)")
  (net 100 /TMS570_uC/DQ15)
  (net 101 /TMS570_uC/DQ14)
  (net 102 /TMS570_uC/DQ13)
  (net 103 /TMS570_uC/DQ12)
  (net 104 /SDRAM_1/SDRAM_1_nCAS)
  (net 105 /SDRAM_1/SDRAM_1_nRAS)
  (net 106 "Net-(U11-PadR2)")
  (net 107 "Net-(U11-PadP19)")
  (net 108 "Net-(U11-PadP18)")
  (net 109 /TMS570_uC/DQ11)
  (net 110 "Net-(U11-PadP3)")
  (net 111 "Net-(U11-PadP2)")
  (net 112 "Net-(U11-PadP1)")
  (net 113 "Net-(U11-PadN19)")
  (net 114 /SDRAM_1/SDRAM_1_nCS)
  (net 115 /TMS570_uC/DQ3)
  (net 116 /TMS570_uC/DQ10)
  (net 117 /FRAM_1/FRAM_1_nCS)
  (net 118 "Net-(U11-PadN2)")
  (net 119 "Net-(U11-PadM17)")
  (net 120 /TMS570_uC/DQ2)
  (net 121 /TMS570_uC/DQ9)
  (net 122 "Net-(U11-PadM3)")
  (net 123 "Net-(U11-PadM2)")
  (net 124 "Net-(U11-PadM1)")
  (net 125 "Net-(U11-PadL17)")
  (net 126 /TMS570_uC/DQ1)
  (net 127 /TMS570_uC/DQ8)
  (net 128 /SDRAM_1/SDRAM_1_CKE)
  (net 129 "Net-(U11-PadL2)")
  (net 130 "Net-(U11-PadL1)")
  (net 131 "Net-(U11-PadK18)")
  (net 132 "Net-(U11-PadK17)")
  (net 133 /TMS570_uC/DQ0)
  (net 134 /TMS570_uC/DQ7)
  (net 135 /SDRAM_1/SDRAM_1_CLK)
  (net 136 "Net-(U11-PadK2)")
  (net 137 /TMS570_uC/uC_OSC_IN)
  (net 138 /Supervisor_RTC_FRAM/SPVSR_COPI)
  (net 139 "Net-(U11-PadJ17)")
  (net 140 "Net-(U11-PadJ5)")
  (net 141 "Net-(U11-PadJ4)")
  (net 142 "Net-(U11-PadJ3)")
  (net 143 /Supervisor_RTC_FRAM/SPVSR_CNT)
  (net 144 "Net-(U11-PadJ1)")
  (net 145 /Supervisor_RTC_FRAM/SPVSR_CLK)
  (net 146 "Net-(U11-PadH18)")
  (net 147 "Net-(U11-PadH17)")
  (net 148 "Net-(U11-PadH16)")
  (net 149 "Net-(U11-PadH5)")
  (net 150 "Net-(U11-PadH4)")
  (net 151 /FL_1/FL_1_nHOLD_IO3)
  (net 152 "Net-(U11-PadG19)")
  (net 153 "Net-(U11-PadG17)")
  (net 154 "Net-(U11-PadG16)")
  (net 155 /TMS570_uC/DQ6)
  (net 156 /FL_1/FL_1_nCS2)
  (net 157 "Net-(U11-PadG2)")
  (net 158 /FL_1/FL_1_SI_IO0)
  (net 159 /FL_1/FL_1_CLK)
  (net 160 /TMS570_uC/DQ5)
  (net 161 /FL_1/FL_1_nCS1)
  (net 162 /FL_1/FL_1_nRESET)
  (net 163 "Net-(U11-PadF1)")
  (net 164 /Supervisor_RTC_FRAM/SPVSR_nCS)
  (net 165 "Net-(U11-PadE18)")
  (net 166 "Net-(U11-PadE17)")
  (net 167 "Net-(U11-PadE16)")
  (net 168 /TMS570_uC/BA0)
  (net 169 "Net-(U11-PadE12)")
  (net 170 /SDRAM_1/SDRAM_1_DQMH)
  (net 171 /SDRAM_1/SDRAM_1_DQML)
  (net 172 /TMS570_uC/A5)
  (net 173 /TMS570_uC/A4)
  (net 174 /TMS570_uC/A3)
  (net 175 /TMS570_uC/A2)
  (net 176 /TMS570_uC/DQ4)
  (net 177 "Net-(U11-PadE3)")
  (net 178 /FRAM_1/FRAM_1_CLK)
  (net 179 "Net-(U11-PadE1)")
  (net 180 "Net-(U11-PadD19)")
  (net 181 /SDRAM_1/SDRAM_1_nWE)
  (net 182 /TMS570_uC/BA1)
  (net 183 /TMS570_uC/A1)
  (net 184 /TMS570_uC/A0)
  (net 185 "Net-(U11-PadD3)")
  (net 186 /FRAM_1/FRAM_1_COPI)
  (net 187 /TMS570_uC/JTAG_TMS)
  (net 188 /TMS570_uC/JTAG_TDO)
  (net 189 /TMS570_uC/A12)
  (net 190 /TMS570_uC/A11)
  (net 191 /TMS570_uC/A10)
  (net 192 /TMS570_uC/A9)
  (net 193 /TMS570_uC/A8)
  (net 194 /TMS570_uC/A7)
  (net 195 /TMS570_uC/A6)
  (net 196 /TMS570_uC/JTAG_TCK)
  (net 197 "Net-(U11-PadB16)")
  (net 198 "Net-(U11-PadB15)")
  (net 199 "Net-(U11-PadB14)")
  (net 200 "Net-(U11-PadB13)")
  (net 201 "Net-(U11-PadB12)")
  (net 202 "Net-(U11-PadB11)")
  (net 203 "Net-(U11-PadB9)")
  (net 204 "Net-(U11-PadB8)")
  (net 205 "Net-(U11-PadB6)")
  (net 206 "Net-(U11-PadB4)")
  (net 207 "Net-(U11-PadB3)")
  (net 208 /TMS570_uC/JTAG_TDI)
  (net 209 /TMS570_uC/JTAG_RTCK)
  (net 210 "Net-(U11-PadA15)")
  (net 211 "Net-(U11-PadA14)")
  (net 212 "Net-(U11-PadA13)")
  (net 213 "Net-(U11-PadA12)")
  (net 214 "Net-(U11-PadA11)")
  (net 215 "Net-(U11-PadA8)")
  (net 216 "Net-(U11-PadA4)")
  (net 217 "Net-(U11-PadA3)")

  (net_class Default "This is the default net class."
    (clearance 0.2)
    (trace_width 0.25)
    (via_dia 0.8)
    (via_drill 0.4)
    (uvia_dia 0.3)
    (uvia_drill 0.1)
    (add_net /CAN_XCVR_PL/CAN_H_PL)
    (add_net /CAN_XCVR_PL/CAN_L_PL)
    (add_net /CAN_XCVR_PL/CAN_PL_D)
    (add_net /CAN_XCVR_PL/CAN_PL_R)
    (add_net /CAN_XCVR_PL/CAN_PL_Rs)
    (add_net /CAN_XCVR_R/CAN_H_PL)
    (add_net /CAN_XCVR_R/CAN_L_PL)
    (add_net /CAN_XCVR_R/CAN_PL_D)
    (add_net /CAN_XCVR_R/CAN_PL_R)
    (add_net /CAN_XCVR_R/CAN_PL_Rs)
    (add_net /Connectors/ADS_nRST)
    (add_net /Connectors/CAN_H_PA)
    (add_net /Connectors/CAN_L_PA)
    (add_net /Connectors/GPS_P1PPS)
    (add_net /Connectors/GPS_RXD0)
    (add_net /Connectors/GPS_STS)
    (add_net /FL_1/FL_1_CLK)
    (add_net /FL_1/FL_1_SI_IO0)
    (add_net /FL_1/FL_1_SO_IO1)
    (add_net /FL_1/FL_1_nCS1)
    (add_net /FL_1/FL_1_nCS2)
    (add_net /FL_1/FL_1_nHOLD_IO3)
    (add_net /FL_1/FL_1_nRESET)
    (add_net /FRAM_1/FRAM_1_CIPO)
    (add_net /FRAM_1/FRAM_1_CLK)
    (add_net /FRAM_1/FRAM_1_COPI)
    (add_net /FRAM_1/FRAM_1_nCS)
    (add_net /Power/GATE_1)
    (add_net /Power/GATE_2)
    (add_net /Power/OBC_1V2_P_PG)
    (add_net /Power/OBC_1V2_R_PG)
    (add_net /SDRAM_1/SDRAM_1_CKE)
    (add_net /SDRAM_1/SDRAM_1_CLK)
    (add_net /SDRAM_1/SDRAM_1_DQMH)
    (add_net /SDRAM_1/SDRAM_1_DQML)
    (add_net /SDRAM_1/SDRAM_1_nCAS)
    (add_net /SDRAM_1/SDRAM_1_nCS)
    (add_net /SDRAM_1/SDRAM_1_nRAS)
    (add_net /SDRAM_1/SDRAM_1_nWE)
    (add_net /Supervisor_RTC_FRAM/SPVSR_ACS)
    (add_net /Supervisor_RTC_FRAM/SPVSR_CIPO)
    (add_net /Supervisor_RTC_FRAM/SPVSR_CLK)
    (add_net /Supervisor_RTC_FRAM/SPVSR_CNT)
    (add_net /Supervisor_RTC_FRAM/SPVSR_COPI)
    (add_net /Supervisor_RTC_FRAM/SPVSR_nCS)
    (add_net /Supervisor_RTC_FRAM/SPVSR_nRST)
    (add_net /TMS570_uC/A0)
    (add_net /TMS570_uC/A1)
    (add_net /TMS570_uC/A10)
    (add_net /TMS570_uC/A11)
    (add_net /TMS570_uC/A12)
    (add_net /TMS570_uC/A2)
    (add_net /TMS570_uC/A3)
    (add_net /TMS570_uC/A4)
    (add_net /TMS570_uC/A5)
    (add_net /TMS570_uC/A6)
    (add_net /TMS570_uC/A7)
    (add_net /TMS570_uC/A8)
    (add_net /TMS570_uC/A9)
    (add_net /TMS570_uC/BA0)
    (add_net /TMS570_uC/BA1)
    (add_net /TMS570_uC/CAN_PA_D)
    (add_net /TMS570_uC/CAN_PA_R)
    (add_net /TMS570_uC/CAN_PA_Rs)
    (add_net /TMS570_uC/DQ0)
    (add_net /TMS570_uC/DQ1)
    (add_net /TMS570_uC/DQ10)
    (add_net /TMS570_uC/DQ11)
    (add_net /TMS570_uC/DQ12)
    (add_net /TMS570_uC/DQ13)
    (add_net /TMS570_uC/DQ14)
    (add_net /TMS570_uC/DQ15)
    (add_net /TMS570_uC/DQ2)
    (add_net /TMS570_uC/DQ3)
    (add_net /TMS570_uC/DQ4)
    (add_net /TMS570_uC/DQ5)
    (add_net /TMS570_uC/DQ6)
    (add_net /TMS570_uC/DQ7)
    (add_net /TMS570_uC/DQ8)
    (add_net /TMS570_uC/DQ9)
    (add_net /TMS570_uC/GPD_TXD0)
    (add_net /TMS570_uC/GPS_STS)
    (add_net /TMS570_uC/JTAG_RTCK)
    (add_net /TMS570_uC/JTAG_TCK)
    (add_net /TMS570_uC/JTAG_TDI)
    (add_net /TMS570_uC/JTAG_TDO)
    (add_net /TMS570_uC/JTAG_TEST)
    (add_net /TMS570_uC/JTAG_TMS)
    (add_net /TMS570_uC/JTAG_nTRST)
    (add_net /TMS570_uC/OBC_I2C_SCL)
    (add_net /TMS570_uC/OBC_I2C_SDA)
    (add_net /TMS570_uC/uC_OSC_IN)
    (add_net /TMS570_uC/uC_nRST)
    (add_net GND)
    (add_net "Net-(C14-Pad2)")
    (add_net "Net-(C15-Pad2)")
    (add_net "Net-(C4-Pad2)")
    (add_net "Net-(C8-Pad2)")
    (add_net "Net-(C9-Pad2)")
    (add_net "Net-(R11-Pad2)")
    (add_net "Net-(R13-Pad2)")
    (add_net "Net-(R14-Pad2)")
    (add_net "Net-(R15-Pad2)")
    (add_net "Net-(R7-Pad2)")
    (add_net "Net-(R9-Pad2)")
    (add_net "Net-(U11-PadA11)")
    (add_net "Net-(U11-PadA12)")
    (add_net "Net-(U11-PadA13)")
    (add_net "Net-(U11-PadA14)")
    (add_net "Net-(U11-PadA15)")
    (add_net "Net-(U11-PadA3)")
    (add_net "Net-(U11-PadA4)")
    (add_net "Net-(U11-PadA8)")
    (add_net "Net-(U11-PadB11)")
    (add_net "Net-(U11-PadB12)")
    (add_net "Net-(U11-PadB13)")
    (add_net "Net-(U11-PadB14)")
    (add_net "Net-(U11-PadB15)")
    (add_net "Net-(U11-PadB16)")
    (add_net "Net-(U11-PadB3)")
    (add_net "Net-(U11-PadB4)")
    (add_net "Net-(U11-PadB6)")
    (add_net "Net-(U11-PadB8)")
    (add_net "Net-(U11-PadB9)")
    (add_net "Net-(U11-PadD19)")
    (add_net "Net-(U11-PadD3)")
    (add_net "Net-(U11-PadE1)")
    (add_net "Net-(U11-PadE12)")
    (add_net "Net-(U11-PadE16)")
    (add_net "Net-(U11-PadE17)")
    (add_net "Net-(U11-PadE18)")
    (add_net "Net-(U11-PadE3)")
    (add_net "Net-(U11-PadF1)")
    (add_net "Net-(U11-PadG16)")
    (add_net "Net-(U11-PadG17)")
    (add_net "Net-(U11-PadG19)")
    (add_net "Net-(U11-PadG2)")
    (add_net "Net-(U11-PadH16)")
    (add_net "Net-(U11-PadH17)")
    (add_net "Net-(U11-PadH18)")
    (add_net "Net-(U11-PadH4)")
    (add_net "Net-(U11-PadH5)")
    (add_net "Net-(U11-PadJ1)")
    (add_net "Net-(U11-PadJ17)")
    (add_net "Net-(U11-PadJ3)")
    (add_net "Net-(U11-PadJ4)")
    (add_net "Net-(U11-PadJ5)")
    (add_net "Net-(U11-PadK17)")
    (add_net "Net-(U11-PadK18)")
    (add_net "Net-(U11-PadK2)")
    (add_net "Net-(U11-PadL1)")
    (add_net "Net-(U11-PadL17)")
    (add_net "Net-(U11-PadL2)")
    (add_net "Net-(U11-PadM1)")
    (add_net "Net-(U11-PadM17)")
    (add_net "Net-(U11-PadM2)")
    (add_net "Net-(U11-PadM3)")
    (add_net "Net-(U11-PadN19)")
    (add_net "Net-(U11-PadN2)")
    (add_net "Net-(U11-PadP1)")
    (add_net "Net-(U11-PadP18)")
    (add_net "Net-(U11-PadP19)")
    (add_net "Net-(U11-PadP2)")
    (add_net "Net-(U11-PadP3)")
    (add_net "Net-(U11-PadR16)")
    (add_net "Net-(U11-PadR17)")
    (add_net "Net-(U11-PadR18)")
    (add_net "Net-(U11-PadR19)")
    (add_net "Net-(U11-PadR2)")
    (add_net "Net-(U11-PadR9)")
    (add_net "Net-(U11-PadT1)")
    (add_net "Net-(U11-PadT12)")
    (add_net "Net-(U11-PadT15)")
    (add_net "Net-(U11-PadT16)")
    (add_net "Net-(U11-PadT17)")
    (add_net "Net-(U11-PadT18)")
    (add_net "Net-(U11-PadT19)")
    (add_net "Net-(U11-PadU1)")
    (add_net "Net-(U11-PadU13)")
    (add_net "Net-(U11-PadU14)")
    (add_net "Net-(U11-PadU15)")
    (add_net "Net-(U11-PadU16)")
    (add_net "Net-(U11-PadU17)")
    (add_net "Net-(U11-PadU18)")
    (add_net "Net-(U11-PadU19)")
    (add_net "Net-(U11-PadV10)")
    (add_net "Net-(U11-PadV13)")
    (add_net "Net-(U11-PadV14)")
    (add_net "Net-(U11-PadV15)")
    (add_net "Net-(U11-PadV16)")
    (add_net "Net-(U11-PadV17)")
    (add_net "Net-(U11-PadV18)")
    (add_net "Net-(U11-PadV2)")
    (add_net "Net-(U11-PadV5)")
    (add_net "Net-(U11-PadV6)")
    (add_net "Net-(U11-PadV7)")
    (add_net "Net-(U11-PadV8)")
    (add_net "Net-(U11-PadV9)")
    (add_net "Net-(U11-PadW10)")
    (add_net "Net-(U11-PadW14)")
    (add_net "Net-(U11-PadW17)")
    (add_net "Net-(U11-PadW3)")
    (add_net "Net-(U11-PadW5)")
    (add_net "Net-(U11-PadW6)")
    (add_net "Net-(U11-PadW8)")
    (add_net "Net-(U11-PadW9)")
    (add_net "Net-(U4-Pad5)")
    (add_net "Net-(U5-Pad5)")
    (add_net "Net-(U6-Pad5)")
    (add_net OBC_1V2)
    (add_net OBC_1V2_P)
    (add_net OBC_1V2_R)
    (add_net OBC_3V3)
    (add_net OBC_5V)
    (add_net OBC_RTC_Vbackup)
    (add_net PAYLOAD_3V3)
    (add_net PAYLOAD_5V)
  )

  (module Capacitor_SMD:C_0402_1005Metric (layer F.Cu) (tedit 5F68FEEE) (tstamp 605C2C82)
    (at 243.385001 82.745001)
    (descr "Capacitor SMD 0402 (1005 Metric), square (rectangular) end terminal, IPC_7351 nominal, (Body size source: IPC-SM-782 page 76, https://www.pcb-3d.com/wordpress/wp-content/uploads/ipc-sm-782a_amendment_1_and_2.pdf), generated with kicad-footprint-generator")
    (tags capacitor)
    (path /607BD428/609B8153)
    (attr smd)
    (fp_text reference C1 (at 0 -1.16) (layer F.SilkS)
      (effects (font (size 1 1) (thickness 0.15)))
    )
    (fp_text value 100n-10V-0402-5%-CER (at 0 1.16) (layer F.Fab)
      (effects (font (size 1 1) (thickness 0.15)))
    )
    (fp_line (start 0.91 0.46) (end -0.91 0.46) (layer F.CrtYd) (width 0.05))
    (fp_line (start 0.91 -0.46) (end 0.91 0.46) (layer F.CrtYd) (width 0.05))
    (fp_line (start -0.91 -0.46) (end 0.91 -0.46) (layer F.CrtYd) (width 0.05))
    (fp_line (start -0.91 0.46) (end -0.91 -0.46) (layer F.CrtYd) (width 0.05))
    (fp_line (start -0.107836 0.36) (end 0.107836 0.36) (layer F.SilkS) (width 0.12))
    (fp_line (start -0.107836 -0.36) (end 0.107836 -0.36) (layer F.SilkS) (width 0.12))
    (fp_line (start 0.5 0.25) (end -0.5 0.25) (layer F.Fab) (width 0.1))
    (fp_line (start 0.5 -0.25) (end 0.5 0.25) (layer F.Fab) (width 0.1))
    (fp_line (start -0.5 -0.25) (end 0.5 -0.25) (layer F.Fab) (width 0.1))
    (fp_line (start -0.5 0.25) (end -0.5 -0.25) (layer F.Fab) (width 0.1))
    (fp_text user %R (at 0 0) (layer F.Fab)
      (effects (font (size 0.25 0.25) (thickness 0.04)))
    )
    (pad 1 smd roundrect (at -0.48 0) (size 0.56 0.62) (layers F.Cu F.Paste F.Mask) (roundrect_rratio 0.25)
      (net 1 OBC_3V3))
    (pad 2 smd roundrect (at 0.48 0) (size 0.56 0.62) (layers F.Cu F.Paste F.Mask) (roundrect_rratio 0.25)
      (net 2 GND))
    (model ${KISYS3DMOD}/Capacitor_SMD.3dshapes/C_0402_1005Metric.wrl
      (at (xyz 0 0 0))
      (scale (xyz 1 1 1))
      (rotate (xyz 0 0 0))
    )
  )

  (module Capacitor_SMD:C_0603_1608Metric (layer F.Cu) (tedit 5F68FEEE) (tstamp 605C2C93)
    (at 247.065001 75.685001)
    (descr "Capacitor SMD 0603 (1608 Metric), square (rectangular) end terminal, IPC_7351 nominal, (Body size source: IPC-SM-782 page 76, https://www.pcb-3d.com/wordpress/wp-content/uploads/ipc-sm-782a_amendment_1_and_2.pdf), generated with kicad-footprint-generator")
    (tags capacitor)
    (path /607BD428/62203F07)
    (attr smd)
    (fp_text reference C2 (at 0 -1.43) (layer F.SilkS)
      (effects (font (size 1 1) (thickness 0.15)))
    )
    (fp_text value 1u-10V-0603-10%-CER (at 0 1.43) (layer F.Fab)
      (effects (font (size 1 1) (thickness 0.15)))
    )
    (fp_text user %R (at 0 0) (layer F.Fab)
      (effects (font (size 0.4 0.4) (thickness 0.06)))
    )
    (fp_line (start -0.8 0.4) (end -0.8 -0.4) (layer F.Fab) (width 0.1))
    (fp_line (start -0.8 -0.4) (end 0.8 -0.4) (layer F.Fab) (width 0.1))
    (fp_line (start 0.8 -0.4) (end 0.8 0.4) (layer F.Fab) (width 0.1))
    (fp_line (start 0.8 0.4) (end -0.8 0.4) (layer F.Fab) (width 0.1))
    (fp_line (start -0.14058 -0.51) (end 0.14058 -0.51) (layer F.SilkS) (width 0.12))
    (fp_line (start -0.14058 0.51) (end 0.14058 0.51) (layer F.SilkS) (width 0.12))
    (fp_line (start -1.48 0.73) (end -1.48 -0.73) (layer F.CrtYd) (width 0.05))
    (fp_line (start -1.48 -0.73) (end 1.48 -0.73) (layer F.CrtYd) (width 0.05))
    (fp_line (start 1.48 -0.73) (end 1.48 0.73) (layer F.CrtYd) (width 0.05))
    (fp_line (start 1.48 0.73) (end -1.48 0.73) (layer F.CrtYd) (width 0.05))
    (pad 2 smd roundrect (at 0.775 0) (size 0.9 0.95) (layers F.Cu F.Paste F.Mask) (roundrect_rratio 0.25)
      (net 2 GND))
    (pad 1 smd roundrect (at -0.775 0) (size 0.9 0.95) (layers F.Cu F.Paste F.Mask) (roundrect_rratio 0.25)
      (net 1 OBC_3V3))
    (model ${KISYS3DMOD}/Capacitor_SMD.3dshapes/C_0603_1608Metric.wrl
      (at (xyz 0 0 0))
      (scale (xyz 1 1 1))
      (rotate (xyz 0 0 0))
    )
  )

  (module Capacitor_SMD:C_0603_1608Metric (layer F.Cu) (tedit 5F68FEEE) (tstamp 605C2CA4)
    (at 241.415001 79.035001)
    (descr "Capacitor SMD 0603 (1608 Metric), square (rectangular) end terminal, IPC_7351 nominal, (Body size source: IPC-SM-782 page 76, https://www.pcb-3d.com/wordpress/wp-content/uploads/ipc-sm-782a_amendment_1_and_2.pdf), generated with kicad-footprint-generator")
    (tags capacitor)
    (path /607BD428/62205A24)
    (attr smd)
    (fp_text reference C3 (at 0 -1.43) (layer F.SilkS)
      (effects (font (size 1 1) (thickness 0.15)))
    )
    (fp_text value 1u-10V-0603-10%-CER (at 0 1.43) (layer F.Fab)
      (effects (font (size 1 1) (thickness 0.15)))
    )
    (fp_line (start 1.48 0.73) (end -1.48 0.73) (layer F.CrtYd) (width 0.05))
    (fp_line (start 1.48 -0.73) (end 1.48 0.73) (layer F.CrtYd) (width 0.05))
    (fp_line (start -1.48 -0.73) (end 1.48 -0.73) (layer F.CrtYd) (width 0.05))
    (fp_line (start -1.48 0.73) (end -1.48 -0.73) (layer F.CrtYd) (width 0.05))
    (fp_line (start -0.14058 0.51) (end 0.14058 0.51) (layer F.SilkS) (width 0.12))
    (fp_line (start -0.14058 -0.51) (end 0.14058 -0.51) (layer F.SilkS) (width 0.12))
    (fp_line (start 0.8 0.4) (end -0.8 0.4) (layer F.Fab) (width 0.1))
    (fp_line (start 0.8 -0.4) (end 0.8 0.4) (layer F.Fab) (width 0.1))
    (fp_line (start -0.8 -0.4) (end 0.8 -0.4) (layer F.Fab) (width 0.1))
    (fp_line (start -0.8 0.4) (end -0.8 -0.4) (layer F.Fab) (width 0.1))
    (fp_text user %R (at 0 0) (layer F.Fab)
      (effects (font (size 0.4 0.4) (thickness 0.06)))
    )
    (pad 1 smd roundrect (at -0.775 0) (size 0.9 0.95) (layers F.Cu F.Paste F.Mask) (roundrect_rratio 0.25)
      (net 1 OBC_3V3))
    (pad 2 smd roundrect (at 0.775 0) (size 0.9 0.95) (layers F.Cu F.Paste F.Mask) (roundrect_rratio 0.25)
      (net 2 GND))
    (model ${KISYS3DMOD}/Capacitor_SMD.3dshapes/C_0603_1608Metric.wrl
      (at (xyz 0 0 0))
      (scale (xyz 1 1 1))
      (rotate (xyz 0 0 0))
    )
  )

  (module Capacitor_SMD:C_1206_3216Metric (layer F.Cu) (tedit 5F68FEEE) (tstamp 605C2CB5)
    (at 236.585001 79.455001)
    (descr "Capacitor SMD 1206 (3216 Metric), square (rectangular) end terminal, IPC_7351 nominal, (Body size source: IPC-SM-782 page 76, https://www.pcb-3d.com/wordpress/wp-content/uploads/ipc-sm-782a_amendment_1_and_2.pdf), generated with kicad-footprint-generator")
    (tags capacitor)
    (path /607BD428/609BC396)
    (attr smd)
    (fp_text reference C4 (at 0 -1.85) (layer F.SilkS)
      (effects (font (size 1 1) (thickness 0.15)))
    )
    (fp_text value 10u-10V-1206-10%-TANT (at 0 1.85) (layer F.Fab)
      (effects (font (size 1 1) (thickness 0.15)))
    )
    (fp_line (start 2.3 1.15) (end -2.3 1.15) (layer F.CrtYd) (width 0.05))
    (fp_line (start 2.3 -1.15) (end 2.3 1.15) (layer F.CrtYd) (width 0.05))
    (fp_line (start -2.3 -1.15) (end 2.3 -1.15) (layer F.CrtYd) (width 0.05))
    (fp_line (start -2.3 1.15) (end -2.3 -1.15) (layer F.CrtYd) (width 0.05))
    (fp_line (start -0.711252 0.91) (end 0.711252 0.91) (layer F.SilkS) (width 0.12))
    (fp_line (start -0.711252 -0.91) (end 0.711252 -0.91) (layer F.SilkS) (width 0.12))
    (fp_line (start 1.6 0.8) (end -1.6 0.8) (layer F.Fab) (width 0.1))
    (fp_line (start 1.6 -0.8) (end 1.6 0.8) (layer F.Fab) (width 0.1))
    (fp_line (start -1.6 -0.8) (end 1.6 -0.8) (layer F.Fab) (width 0.1))
    (fp_line (start -1.6 0.8) (end -1.6 -0.8) (layer F.Fab) (width 0.1))
    (fp_text user %R (at 0 0) (layer F.Fab)
      (effects (font (size 0.8 0.8) (thickness 0.12)))
    )
    (pad 1 smd roundrect (at -1.475 0) (size 1.15 1.8) (layers F.Cu F.Paste F.Mask) (roundrect_rratio 0.217391)
      (net 1 OBC_3V3))
    (pad 2 smd roundrect (at 1.475 0) (size 1.15 1.8) (layers F.Cu F.Paste F.Mask) (roundrect_rratio 0.217391)
      (net 3 "Net-(C4-Pad2)"))
    (model ${KISYS3DMOD}/Capacitor_SMD.3dshapes/C_1206_3216Metric.wrl
      (at (xyz 0 0 0))
      (scale (xyz 1 1 1))
      (rotate (xyz 0 0 0))
    )
  )

  (module Capacitor_SMD:C_1206_3216Metric (layer F.Cu) (tedit 5F68FEEE) (tstamp 605C2CC6)
    (at 242.235001 76.105001)
    (descr "Capacitor SMD 1206 (3216 Metric), square (rectangular) end terminal, IPC_7351 nominal, (Body size source: IPC-SM-782 page 76, https://www.pcb-3d.com/wordpress/wp-content/uploads/ipc-sm-782a_amendment_1_and_2.pdf), generated with kicad-footprint-generator")
    (tags capacitor)
    (path /607BD428/609BD793)
    (attr smd)
    (fp_text reference C5 (at 0 -1.85) (layer F.SilkS)
      (effects (font (size 1 1) (thickness 0.15)))
    )
    (fp_text value 10u-10V-1206-10%-TANT (at 0 1.85) (layer F.Fab)
      (effects (font (size 1 1) (thickness 0.15)))
    )
    (fp_text user %R (at 0 0) (layer F.Fab)
      (effects (font (size 0.8 0.8) (thickness 0.12)))
    )
    (fp_line (start -1.6 0.8) (end -1.6 -0.8) (layer F.Fab) (width 0.1))
    (fp_line (start -1.6 -0.8) (end 1.6 -0.8) (layer F.Fab) (width 0.1))
    (fp_line (start 1.6 -0.8) (end 1.6 0.8) (layer F.Fab) (width 0.1))
    (fp_line (start 1.6 0.8) (end -1.6 0.8) (layer F.Fab) (width 0.1))
    (fp_line (start -0.711252 -0.91) (end 0.711252 -0.91) (layer F.SilkS) (width 0.12))
    (fp_line (start -0.711252 0.91) (end 0.711252 0.91) (layer F.SilkS) (width 0.12))
    (fp_line (start -2.3 1.15) (end -2.3 -1.15) (layer F.CrtYd) (width 0.05))
    (fp_line (start -2.3 -1.15) (end 2.3 -1.15) (layer F.CrtYd) (width 0.05))
    (fp_line (start 2.3 -1.15) (end 2.3 1.15) (layer F.CrtYd) (width 0.05))
    (fp_line (start 2.3 1.15) (end -2.3 1.15) (layer F.CrtYd) (width 0.05))
    (pad 2 smd roundrect (at 1.475 0) (size 1.15 1.8) (layers F.Cu F.Paste F.Mask) (roundrect_rratio 0.217391)
      (net 2 GND))
    (pad 1 smd roundrect (at -1.475 0) (size 1.15 1.8) (layers F.Cu F.Paste F.Mask) (roundrect_rratio 0.217391)
      (net 3 "Net-(C4-Pad2)"))
    (model ${KISYS3DMOD}/Capacitor_SMD.3dshapes/C_1206_3216Metric.wrl
      (at (xyz 0 0 0))
      (scale (xyz 1 1 1))
      (rotate (xyz 0 0 0))
    )
  )

  (module Capacitor_SMD:C_0402_1005Metric (layer F.Cu) (tedit 5F68FEEE) (tstamp 605C2CD7)
    (at 243.385001 84.715001)
    (descr "Capacitor SMD 0402 (1005 Metric), square (rectangular) end terminal, IPC_7351 nominal, (Body size source: IPC-SM-782 page 76, https://www.pcb-3d.com/wordpress/wp-content/uploads/ipc-sm-782a_amendment_1_and_2.pdf), generated with kicad-footprint-generator")
    (tags capacitor)
    (path /607BD428/609BE618)
    (attr smd)
    (fp_text reference C6 (at 0 -1.16) (layer F.SilkS)
      (effects (font (size 1 1) (thickness 0.15)))
    )
    (fp_text value 100n-10V-0402-5%-CER (at 0 1.16) (layer F.Fab)
      (effects (font (size 1 1) (thickness 0.15)))
    )
    (fp_line (start 0.91 0.46) (end -0.91 0.46) (layer F.CrtYd) (width 0.05))
    (fp_line (start 0.91 -0.46) (end 0.91 0.46) (layer F.CrtYd) (width 0.05))
    (fp_line (start -0.91 -0.46) (end 0.91 -0.46) (layer F.CrtYd) (width 0.05))
    (fp_line (start -0.91 0.46) (end -0.91 -0.46) (layer F.CrtYd) (width 0.05))
    (fp_line (start -0.107836 0.36) (end 0.107836 0.36) (layer F.SilkS) (width 0.12))
    (fp_line (start -0.107836 -0.36) (end 0.107836 -0.36) (layer F.SilkS) (width 0.12))
    (fp_line (start 0.5 0.25) (end -0.5 0.25) (layer F.Fab) (width 0.1))
    (fp_line (start 0.5 -0.25) (end 0.5 0.25) (layer F.Fab) (width 0.1))
    (fp_line (start -0.5 -0.25) (end 0.5 -0.25) (layer F.Fab) (width 0.1))
    (fp_line (start -0.5 0.25) (end -0.5 -0.25) (layer F.Fab) (width 0.1))
    (fp_text user %R (at 0 0) (layer F.Fab)
      (effects (font (size 0.25 0.25) (thickness 0.04)))
    )
    (pad 1 smd roundrect (at -0.48 0) (size 0.56 0.62) (layers F.Cu F.Paste F.Mask) (roundrect_rratio 0.25)
      (net 1 OBC_3V3))
    (pad 2 smd roundrect (at 0.48 0) (size 0.56 0.62) (layers F.Cu F.Paste F.Mask) (roundrect_rratio 0.25)
      (net 2 GND))
    (model ${KISYS3DMOD}/Capacitor_SMD.3dshapes/C_0402_1005Metric.wrl
      (at (xyz 0 0 0))
      (scale (xyz 1 1 1))
      (rotate (xyz 0 0 0))
    )
  )

  (module Capacitor_SMD:C_0402_1005Metric (layer F.Cu) (tedit 5F68FEEE) (tstamp 605C2CE8)
    (at 246.255001 82.745001)
    (descr "Capacitor SMD 0402 (1005 Metric), square (rectangular) end terminal, IPC_7351 nominal, (Body size source: IPC-SM-782 page 76, https://www.pcb-3d.com/wordpress/wp-content/uploads/ipc-sm-782a_amendment_1_and_2.pdf), generated with kicad-footprint-generator")
    (tags capacitor)
    (path /607BD428/609FBD0E)
    (attr smd)
    (fp_text reference C7 (at 0 -1.16) (layer F.SilkS)
      (effects (font (size 1 1) (thickness 0.15)))
    )
    (fp_text value 100n-10V-0402-5%-CER (at 0 1.16) (layer F.Fab)
      (effects (font (size 1 1) (thickness 0.15)))
    )
    (fp_line (start 0.91 0.46) (end -0.91 0.46) (layer F.CrtYd) (width 0.05))
    (fp_line (start 0.91 -0.46) (end 0.91 0.46) (layer F.CrtYd) (width 0.05))
    (fp_line (start -0.91 -0.46) (end 0.91 -0.46) (layer F.CrtYd) (width 0.05))
    (fp_line (start -0.91 0.46) (end -0.91 -0.46) (layer F.CrtYd) (width 0.05))
    (fp_line (start -0.107836 0.36) (end 0.107836 0.36) (layer F.SilkS) (width 0.12))
    (fp_line (start -0.107836 -0.36) (end 0.107836 -0.36) (layer F.SilkS) (width 0.12))
    (fp_line (start 0.5 0.25) (end -0.5 0.25) (layer F.Fab) (width 0.1))
    (fp_line (start 0.5 -0.25) (end 0.5 0.25) (layer F.Fab) (width 0.1))
    (fp_line (start -0.5 -0.25) (end 0.5 -0.25) (layer F.Fab) (width 0.1))
    (fp_line (start -0.5 0.25) (end -0.5 -0.25) (layer F.Fab) (width 0.1))
    (fp_text user %R (at 0 0) (layer F.Fab)
      (effects (font (size 0.25 0.25) (thickness 0.04)))
    )
    (pad 1 smd roundrect (at -0.48 0) (size 0.56 0.62) (layers F.Cu F.Paste F.Mask) (roundrect_rratio 0.25)
      (net 1 OBC_3V3))
    (pad 2 smd roundrect (at 0.48 0) (size 0.56 0.62) (layers F.Cu F.Paste F.Mask) (roundrect_rratio 0.25)
      (net 2 GND))
    (model ${KISYS3DMOD}/Capacitor_SMD.3dshapes/C_0402_1005Metric.wrl
      (at (xyz 0 0 0))
      (scale (xyz 1 1 1))
      (rotate (xyz 0 0 0))
    )
  )

  (module Capacitor_SMD:C_0402_1005Metric (layer F.Cu) (tedit 5F68FEEE) (tstamp 605C2CF9)
    (at 246.255001 84.715001)
    (descr "Capacitor SMD 0402 (1005 Metric), square (rectangular) end terminal, IPC_7351 nominal, (Body size source: IPC-SM-782 page 76, https://www.pcb-3d.com/wordpress/wp-content/uploads/ipc-sm-782a_amendment_1_and_2.pdf), generated with kicad-footprint-generator")
    (tags capacitor)
    (path /607BD428/609C4CE1)
    (attr smd)
    (fp_text reference C8 (at 0 -1.16) (layer F.SilkS)
      (effects (font (size 1 1) (thickness 0.15)))
    )
    (fp_text value 10p-50V-0402-0.5p-CER (at 0 1.16) (layer F.Fab)
      (effects (font (size 1 1) (thickness 0.15)))
    )
    (fp_text user %R (at 0 0) (layer F.Fab)
      (effects (font (size 0.25 0.25) (thickness 0.04)))
    )
    (fp_line (start -0.5 0.25) (end -0.5 -0.25) (layer F.Fab) (width 0.1))
    (fp_line (start -0.5 -0.25) (end 0.5 -0.25) (layer F.Fab) (width 0.1))
    (fp_line (start 0.5 -0.25) (end 0.5 0.25) (layer F.Fab) (width 0.1))
    (fp_line (start 0.5 0.25) (end -0.5 0.25) (layer F.Fab) (width 0.1))
    (fp_line (start -0.107836 -0.36) (end 0.107836 -0.36) (layer F.SilkS) (width 0.12))
    (fp_line (start -0.107836 0.36) (end 0.107836 0.36) (layer F.SilkS) (width 0.12))
    (fp_line (start -0.91 0.46) (end -0.91 -0.46) (layer F.CrtYd) (width 0.05))
    (fp_line (start -0.91 -0.46) (end 0.91 -0.46) (layer F.CrtYd) (width 0.05))
    (fp_line (start 0.91 -0.46) (end 0.91 0.46) (layer F.CrtYd) (width 0.05))
    (fp_line (start 0.91 0.46) (end -0.91 0.46) (layer F.CrtYd) (width 0.05))
    (pad 2 smd roundrect (at 0.48 0) (size 0.56 0.62) (layers F.Cu F.Paste F.Mask) (roundrect_rratio 0.25)
      (net 4 "Net-(C8-Pad2)"))
    (pad 1 smd roundrect (at -0.48 0) (size 0.56 0.62) (layers F.Cu F.Paste F.Mask) (roundrect_rratio 0.25)
      (net 5 OBC_1V2_P))
    (model ${KISYS3DMOD}/Capacitor_SMD.3dshapes/C_0402_1005Metric.wrl
      (at (xyz 0 0 0))
      (scale (xyz 1 1 1))
      (rotate (xyz 0 0 0))
    )
  )

  (module Capacitor_SMD:C_0402_1005Metric (layer F.Cu) (tedit 5F68FEEE) (tstamp 605C2D0A)
    (at 249.125001 81.885001)
    (descr "Capacitor SMD 0402 (1005 Metric), square (rectangular) end terminal, IPC_7351 nominal, (Body size source: IPC-SM-782 page 76, https://www.pcb-3d.com/wordpress/wp-content/uploads/ipc-sm-782a_amendment_1_and_2.pdf), generated with kicad-footprint-generator")
    (tags capacitor)
    (path /607BD428/609FBD43)
    (attr smd)
    (fp_text reference C9 (at 0 -1.16) (layer F.SilkS)
      (effects (font (size 1 1) (thickness 0.15)))
    )
    (fp_text value 10p-50V-0402-0.5p-CER (at 0 1.16) (layer F.Fab)
      (effects (font (size 1 1) (thickness 0.15)))
    )
    (fp_text user %R (at 0 0) (layer F.Fab)
      (effects (font (size 0.25 0.25) (thickness 0.04)))
    )
    (fp_line (start -0.5 0.25) (end -0.5 -0.25) (layer F.Fab) (width 0.1))
    (fp_line (start -0.5 -0.25) (end 0.5 -0.25) (layer F.Fab) (width 0.1))
    (fp_line (start 0.5 -0.25) (end 0.5 0.25) (layer F.Fab) (width 0.1))
    (fp_line (start 0.5 0.25) (end -0.5 0.25) (layer F.Fab) (width 0.1))
    (fp_line (start -0.107836 -0.36) (end 0.107836 -0.36) (layer F.SilkS) (width 0.12))
    (fp_line (start -0.107836 0.36) (end 0.107836 0.36) (layer F.SilkS) (width 0.12))
    (fp_line (start -0.91 0.46) (end -0.91 -0.46) (layer F.CrtYd) (width 0.05))
    (fp_line (start -0.91 -0.46) (end 0.91 -0.46) (layer F.CrtYd) (width 0.05))
    (fp_line (start 0.91 -0.46) (end 0.91 0.46) (layer F.CrtYd) (width 0.05))
    (fp_line (start 0.91 0.46) (end -0.91 0.46) (layer F.CrtYd) (width 0.05))
    (pad 2 smd roundrect (at 0.48 0) (size 0.56 0.62) (layers F.Cu F.Paste F.Mask) (roundrect_rratio 0.25)
      (net 6 "Net-(C9-Pad2)"))
    (pad 1 smd roundrect (at -0.48 0) (size 0.56 0.62) (layers F.Cu F.Paste F.Mask) (roundrect_rratio 0.25)
      (net 7 OBC_1V2_R))
    (model ${KISYS3DMOD}/Capacitor_SMD.3dshapes/C_0402_1005Metric.wrl
      (at (xyz 0 0 0))
      (scale (xyz 1 1 1))
      (rotate (xyz 0 0 0))
    )
  )

  (module Capacitor_SMD:C_1206_3216Metric (layer F.Cu) (tedit 5F68FEEE) (tstamp 605C2D1B)
    (at 236.085001 82.805001)
    (descr "Capacitor SMD 1206 (3216 Metric), square (rectangular) end terminal, IPC_7351 nominal, (Body size source: IPC-SM-782 page 76, https://www.pcb-3d.com/wordpress/wp-content/uploads/ipc-sm-782a_amendment_1_and_2.pdf), generated with kicad-footprint-generator")
    (tags capacitor)
    (path /607BD428/609CC198)
    (attr smd)
    (fp_text reference C10 (at 0 -1.85) (layer F.SilkS)
      (effects (font (size 1 1) (thickness 0.15)))
    )
    (fp_text value 10u-10V-0603-10%-CER (at 0 1.85) (layer F.Fab)
      (effects (font (size 1 1) (thickness 0.15)))
    )
    (fp_text user %R (at 0 0) (layer F.Fab)
      (effects (font (size 0.8 0.8) (thickness 0.12)))
    )
    (fp_line (start -1.6 0.8) (end -1.6 -0.8) (layer F.Fab) (width 0.1))
    (fp_line (start -1.6 -0.8) (end 1.6 -0.8) (layer F.Fab) (width 0.1))
    (fp_line (start 1.6 -0.8) (end 1.6 0.8) (layer F.Fab) (width 0.1))
    (fp_line (start 1.6 0.8) (end -1.6 0.8) (layer F.Fab) (width 0.1))
    (fp_line (start -0.711252 -0.91) (end 0.711252 -0.91) (layer F.SilkS) (width 0.12))
    (fp_line (start -0.711252 0.91) (end 0.711252 0.91) (layer F.SilkS) (width 0.12))
    (fp_line (start -2.3 1.15) (end -2.3 -1.15) (layer F.CrtYd) (width 0.05))
    (fp_line (start -2.3 -1.15) (end 2.3 -1.15) (layer F.CrtYd) (width 0.05))
    (fp_line (start 2.3 -1.15) (end 2.3 1.15) (layer F.CrtYd) (width 0.05))
    (fp_line (start 2.3 1.15) (end -2.3 1.15) (layer F.CrtYd) (width 0.05))
    (pad 2 smd roundrect (at 1.475 0) (size 1.15 1.8) (layers F.Cu F.Paste F.Mask) (roundrect_rratio 0.217391)
      (net 2 GND))
    (pad 1 smd roundrect (at -1.475 0) (size 1.15 1.8) (layers F.Cu F.Paste F.Mask) (roundrect_rratio 0.217391)
      (net 5 OBC_1V2_P))
    (model ${KISYS3DMOD}/Capacitor_SMD.3dshapes/C_1206_3216Metric.wrl
      (at (xyz 0 0 0))
      (scale (xyz 1 1 1))
      (rotate (xyz 0 0 0))
    )
  )

  (module Capacitor_SMD:C_1206_3216Metric (layer F.Cu) (tedit 5F68FEEE) (tstamp 605C2D2C)
    (at 230.935001 76.105001)
    (descr "Capacitor SMD 1206 (3216 Metric), square (rectangular) end terminal, IPC_7351 nominal, (Body size source: IPC-SM-782 page 76, https://www.pcb-3d.com/wordpress/wp-content/uploads/ipc-sm-782a_amendment_1_and_2.pdf), generated with kicad-footprint-generator")
    (tags capacitor)
    (path /607BD428/609FBD50)
    (attr smd)
    (fp_text reference C11 (at 0 -1.85) (layer F.SilkS)
      (effects (font (size 1 1) (thickness 0.15)))
    )
    (fp_text value 10u-10V-0603-10%-CER (at 0 1.85) (layer F.Fab)
      (effects (font (size 1 1) (thickness 0.15)))
    )
    (fp_line (start 2.3 1.15) (end -2.3 1.15) (layer F.CrtYd) (width 0.05))
    (fp_line (start 2.3 -1.15) (end 2.3 1.15) (layer F.CrtYd) (width 0.05))
    (fp_line (start -2.3 -1.15) (end 2.3 -1.15) (layer F.CrtYd) (width 0.05))
    (fp_line (start -2.3 1.15) (end -2.3 -1.15) (layer F.CrtYd) (width 0.05))
    (fp_line (start -0.711252 0.91) (end 0.711252 0.91) (layer F.SilkS) (width 0.12))
    (fp_line (start -0.711252 -0.91) (end 0.711252 -0.91) (layer F.SilkS) (width 0.12))
    (fp_line (start 1.6 0.8) (end -1.6 0.8) (layer F.Fab) (width 0.1))
    (fp_line (start 1.6 -0.8) (end 1.6 0.8) (layer F.Fab) (width 0.1))
    (fp_line (start -1.6 -0.8) (end 1.6 -0.8) (layer F.Fab) (width 0.1))
    (fp_line (start -1.6 0.8) (end -1.6 -0.8) (layer F.Fab) (width 0.1))
    (fp_text user %R (at 0 0) (layer F.Fab)
      (effects (font (size 0.8 0.8) (thickness 0.12)))
    )
    (pad 1 smd roundrect (at -1.475 0) (size 1.15 1.8) (layers F.Cu F.Paste F.Mask) (roundrect_rratio 0.217391)
      (net 7 OBC_1V2_R))
    (pad 2 smd roundrect (at 1.475 0) (size 1.15 1.8) (layers F.Cu F.Paste F.Mask) (roundrect_rratio 0.217391)
      (net 2 GND))
    (model ${KISYS3DMOD}/Capacitor_SMD.3dshapes/C_1206_3216Metric.wrl
      (at (xyz 0 0 0))
      (scale (xyz 1 1 1))
      (rotate (xyz 0 0 0))
    )
  )

  (module Capacitor_SMD:C_1206_3216Metric (layer F.Cu) (tedit 5F68FEEE) (tstamp 605C2D3D)
    (at 236.585001 76.105001)
    (descr "Capacitor SMD 1206 (3216 Metric), square (rectangular) end terminal, IPC_7351 nominal, (Body size source: IPC-SM-782 page 76, https://www.pcb-3d.com/wordpress/wp-content/uploads/ipc-sm-782a_amendment_1_and_2.pdf), generated with kicad-footprint-generator")
    (tags capacitor)
    (path /607BD428/609CDF2D)
    (attr smd)
    (fp_text reference C12 (at 0 -1.85) (layer F.SilkS)
      (effects (font (size 1 1) (thickness 0.15)))
    )
    (fp_text value 10u-10V-0603-10%-CER (at 0 1.85) (layer F.Fab)
      (effects (font (size 1 1) (thickness 0.15)))
    )
    (fp_line (start 2.3 1.15) (end -2.3 1.15) (layer F.CrtYd) (width 0.05))
    (fp_line (start 2.3 -1.15) (end 2.3 1.15) (layer F.CrtYd) (width 0.05))
    (fp_line (start -2.3 -1.15) (end 2.3 -1.15) (layer F.CrtYd) (width 0.05))
    (fp_line (start -2.3 1.15) (end -2.3 -1.15) (layer F.CrtYd) (width 0.05))
    (fp_line (start -0.711252 0.91) (end 0.711252 0.91) (layer F.SilkS) (width 0.12))
    (fp_line (start -0.711252 -0.91) (end 0.711252 -0.91) (layer F.SilkS) (width 0.12))
    (fp_line (start 1.6 0.8) (end -1.6 0.8) (layer F.Fab) (width 0.1))
    (fp_line (start 1.6 -0.8) (end 1.6 0.8) (layer F.Fab) (width 0.1))
    (fp_line (start -1.6 -0.8) (end 1.6 -0.8) (layer F.Fab) (width 0.1))
    (fp_line (start -1.6 0.8) (end -1.6 -0.8) (layer F.Fab) (width 0.1))
    (fp_text user %R (at 0 0) (layer F.Fab)
      (effects (font (size 0.8 0.8) (thickness 0.12)))
    )
    (pad 1 smd roundrect (at -1.475 0) (size 1.15 1.8) (layers F.Cu F.Paste F.Mask) (roundrect_rratio 0.217391)
      (net 5 OBC_1V2_P))
    (pad 2 smd roundrect (at 1.475 0) (size 1.15 1.8) (layers F.Cu F.Paste F.Mask) (roundrect_rratio 0.217391)
      (net 2 GND))
    (model ${KISYS3DMOD}/Capacitor_SMD.3dshapes/C_1206_3216Metric.wrl
      (at (xyz 0 0 0))
      (scale (xyz 1 1 1))
      (rotate (xyz 0 0 0))
    )
  )

  (module Capacitor_SMD:C_1206_3216Metric (layer F.Cu) (tedit 5F68FEEE) (tstamp 605C2D4E)
    (at 230.935001 79.455001)
